0.144920631668101
0.146202267123425
0.146601642464102
0.145807419364944
0.146259132774872
0.145336644893523
0.145552114096377
0.145647190167077
0.145115153687606
0.145071568075681
0.145015409707586
0.145627126162123
0.14403069308319
0.144586307393024
0.143719554216451
0.14343226390588
0.141930839714051
0.141986981412062
0.14154051590673
0.139352851709714
0.138838381698793
0.141123473224247
0.140134179657597
0.139319860729879
0.140076230737515
0.139708273500901
0.140266404945658
0.139754255343561
0.139442014615197
0.139285637731589
0.138657544665305
0.139460484736466
0.1378070723224
0.137410775074179
0.136879145002189
0.137880083359105
0.137902064585562
0.136589274932762
0.136779758228183
0.134798642490557
