0.373305761434831
0.375491293941989
0.373915574311844
0.371272471313811
0.365499226218569
0.36401406545848
0.360458470916942
0.353579541509191
0.345908125844432
0.338524424997841
0.325974202571973
0.31895191914471
0.304805892652297
0.291941946780968
0.281413498430415
0.272977992282286
0.260513017190814
0.248049020829322
0.235304002957685
0.23098447435188
0.210658438366194
0.203805292857223
0.192322975443058
0.183581176043886
0.172178553883257
0.166436563248987
0.160649038981255
0.151812704144773
0.145740640260445
0.142735919801081
0.137136543966253
0.132516017098841
0.13330710038475
0.130179737967979
0.130871039578905
0.132852867361866
0.133519703699499
0.132203489396699
0.134043812907046
0.136203818156847
