0.000495581068803172
0.000264309903361692
9.91162137606343e-05
0.000181713058561163
3.30387379202115e-05
0.000148674320640952
9.91162137606343e-05
1.65193689601057e-05
6.60774758404229e-05
3.30387379202115e-05
8.25968448005286e-05
0.000165193689601057
9.91162137606343e-05
9.91162137606343e-05
0.000165193689601057
0.000132154951680846
8.25968448005286e-05
9.91162137606343e-05
4.95581068803172e-05
9.91162137606343e-05
0.000214751796481374
0.000198232427521269
0.000165193689601057
0.000297348641281903
0.000247790534401586
0.000165193689601057
0.000181713058561163
0.000181713058561163
0.000132154951680846
0.000148674320640952
0.000297348641281903
0.000297348641281903
0.000214751796481374
0.000297348641281903
0.000247790534401586
0.000280829272321797
0.000396464855042537
0.000660774758404229
0.000528619806723383
0.000561658544643595
0.0005781779136037
0.0005781779136037
0.000528619806723383
0.000660774758404229
0.000495581068803172
0.000429503592962749
0.000660774758404229
0.000429503592962749
0.0005781779136037
0.00069381349632444
0.0005781779136037
0.00046254233088296
0.000528619806723383
0.000479061699843066
0.000627736020484018
0.000594697282563806
0.000776410341124969
0.000825968448005286
0.000908565292805815
0.000743371603204758
0.000644255389444123
0.000842487816965392
0.00100768150656645
0.000875526554885603
0.00102420087552655
0.000842487816965392
0.00109027835136698
0.0011563558272074
0.00127199140992814
0.00113983645824729
0.00138762699264888
0.00163541752705047
0.00161889815809036
0.00148674320640952
0.00133806888576856
0.00140414636160899
0.00147022383744941
0.00163541752705047
0.00156934005121004
0.00186668869249195
0.0023127116544148
0.00216403733377385
0.0028743701990584
0.00294044767489882
0.00353514495746262
0.00355166432642273
0.00450978772610886
0.00485669447427108
0.00573222102915669
0.00627736020484018
0.00705377054596514
0.00816056826629223
0.00612868588419922
0.0066242669530024
0.00310564136449988
0.0011563558272074
0.00109027835136698
0.000842487816965392
0.00109027835136698
0.000941604030726026
0.000958123399686132
0.000859007185925498
0.00109027835136698
0.00107375898240687
0.00118939456512761
0.00122243330304782
0.000743371603204758
0.000759890972164863
0.00104072024448666
0.00130503014784835
0.00155282068224994
0.00155282068224994
0.00140414636160899
0.00158585942017015
0.00170149500289089
0.00198232427521269
0.00218055670273396
0.00252746345089618
0.00234575039233501
0.00227967291649459
0.00327083505410093
0.00361774180226315
0.00371685801602379
0.00386553233666474
0.00568266292227637
0.00746675476996779
0.00601305030147848
0.00378293549186421
0.00242834723713554
0.00209795985793343
0.00189972743041216
0.00223011480961427
0.00123895267200793
0.000875526554885603
0.000479061699843066
0.000198232427521269
0.000214751796481374
0.000165193689601057
0.000181713058561163
0.000165193689601057
0.000165193689601057
9.91162137606343e-05
0.00011563558272074
6.60774758404229e-05
1.65193689601057e-05
9.91162137606343e-05
3.30387379202115e-05
1.65193689601057e-05
3.30387379202115e-05
0
0
1.65193689601057e-05
0
0
0
0
0
0
0
0
0
