0.0132056166897792
0.0130323747783666
0.0128614055938227
0.0126926793206869
0.0125261665346415
0.0123618381973807
0.0121996656515469
0.0120396206157323
0.0118816751795478
0.0117258017987551
0.0115719732904633
0.0114201628283887
0.0112703439381763
0.0111224904927829
0.0109765767079212
0.0108325771375627
0.0106904666695004
0.0105502205209695
0.0104118142343254
0.0102752236727787
0.0101404250161857
0.0100073947568946
0.00987610969564583
0.00974654693752651
0.00961868388797754
0.00949249824885349
0.00936796801453394
0.00924507146808592
0.00912378717747668
0.0090040939918361
0.00888597103776824
0.00876939771571114
0.00865435369634451
0.00854081891704443
0.00842877357838462
0.00831819814068365
0.00820907332059734
0.00810138008775594
0.00799509966144543
0.00789021350733229
0.00778670333423133
0.00768455109091585
0.00758373896296968
0.00748424936968047
0.00738606496097386
0.00728916861438769
0.00719354343208608
0.00709917273791253
0.0070060400744818
0.0069141292003099
0.00682342408698168
0.00673390891635564
0.00664556807780542
0.00655838616549739
0.00647234797570409
0.00638743850415275
0.00630364294340878
0.0062209466802934
0.00613933529333529
0.0060587945502556
0.00597931040548597
0.00590086899771912
0.00582345664749154
0.00574705985479796
0.00567166529673703
0.00559725982518795
0.00552383046451757
0.00545136440931751
0.00537984902217109
0.00530927183144938
0.00523962052913638
0.0051708829686825
0.00510304716288641
0.0050361012818045
0.00497003365068792
0.00490483274794654
0.00484048720313975
0.00477698579499352
0.00471431744944355
0.00465247123770399
0.00459143637436164
0.00453120221549503
0.00447175825681818
0.00441309413184884
0.00435519961010061
0.00429806459529881
0.00424167912361987
0.00418603336195365
0.00413111760618867
0.0040769222795198
0.00402343793077815
0.00397065523278287
0.00391856498071458
0.00386715809051013
0.00381642559727842
0.00376635865373702
0.00371694852866926
0.00366818660540161
0.003620064380301
0.00357257346129186
0.00352570556639262
0.00347945252227142
0.00343380626282075
0.00338875882775078
0.00334430236120119
0.00330042911037113
0.00325713142416727
0.00321440175186945
0.00317223264181396
0.003130616740094
0.00308954678927724
0.00304901562714019
0.00300901618541919
0.00296954148857773
0.00293058465259002
0.00289213888374046
0.00285419747743887
0.00281675381705129
0.0027798013727461
0.00274333370035525
0.0027073444402505
0.00267182731623429
0.00263677613444533
0.00260218478227833
0.00256804722731813
0.00253435751628761
0.00250110977400955
0.00246829820238203
0.00243591707936731
0.00240396075799393
0.00237242366537196
0.00234130030172112
0.00231058523941168
0.00228027312201793
0.00225035866338406
0.0022208366467023
0.00219170192360317
0.00216294941325766
0.00213457410149115
0.00210657103990899
0.00207893534503359
0.00205166219745271
0.00202474684097906
0.00199818458182085
0.00197197078776322
0.00194610088736044
0.00192057036913867
0.00189537478080923
0.00187050972849215
0.0018459708759499
0.00182175394383123
0.00179785470892484
0.00177426900342292
0.00175099271419434
0.0017280217820673
0.00170535220112151
0.00168298001798957
0.00166090133116751
0.00163911229033446
0.00161760909568114
0.00159638799724723
0.00157544529426742
0.00155477733452601
0.00153438051371999
0.00151425127483054
0.00149438610750263
0.00147478154743293
0.00145543417576561
0.00143634061849615
0.00141749754588293
0.00139890167186657
0.00138054975349686
0.00136243859036723
0.0013445650240566
0.00132692593757861
0.00130951825483805
0.00129233894009439
0.00127538499743239
0.00125865347023963
0.00124214144069093
0.00122584602923948
0.00120976439411468
0.00119389373082656
0.00117823127167674
0.00116277428527569
0.00114752007606647
0.00113246598385463
0.00111760938334429
0.00110294768368031
0.00108847832799646
0.00107419879296958
0.00106010658837945
0.00104619925667459
0.00103247437254366
0.00101892954249248
0.00100556240442669
0.000992370627239764
0.000979351910406508
0.000966503983581875
0.000953824606205033
0.000941311567108628
0.00092896268413318
0.000916775803746534
0.000904748800668304
0.000892879577499244
0.000881166064355478
0.000869606218507535
0.000858198024024111
0.000846939491420515
0.000835828657311716
0.000824863584069949
0.000814042359486811
0.000803363096439785
0.000792823932563152
0.000782423029923201
0.000772158574697716
0.000762028776859663
0.000752031869865023
0.000742166110344723
0.000732429777800609
0.000722821174305408
0.000713338624206623
0.000703980473834315
0.000694745091212721
0.000685630865775648
0.000676636208085606
0.000667759549556628
0.00065899934218072
0.000650354058257902
0.000641822190129793
0.000633402249916688
0.000625092769258087
0.000616892299056623
0.000608799409225358
0.000600812688438384
0.000592930743884702
0.000585152201025329
0.000577475703353593
0.000569899912158566
0.000562423506291611
0.000555045181935978
0.000547763652379439
0.00054057764778989
0.000533485914993909
0.000526487217258211
0.000519580334073973
0.000512764060943991
0.000506037209172624
0.000499398605658498
0.000492847092689926
0.000486381527743017
0.000480000783282426
0.000473703746564727
0.000467489319444356
0.000461356418182106
0.000455303973256137
0.000449330929175454
0.000443436244295844
0.000437618890638222
0.000431877853709358
0.000426212132324965
0.000420620738435092
0.000415102696951829
0.000409657045579248
0.000404282834645598
0.000398979126937686
0.000393744997537435
0.000388579533660588
0.000383481834497527
0.000378451011056181
0.000373486186006992
0.000368586493529915
0.000363751079163435
0.000358979099655545
0.0003542697228167
0.000349622127374687
0.000345035502831403
0.000340509049321512
0.000336041977472955
0.00033163350826929
0.000327282872913842
0.000322989312695629
0.00031875207885705
0.000314570432463309
0.000310443644273552
0.000306370994613693
0.000302351773250912
0.000298385279269792
0.000294470820950091
0.000290607715646109
0.000286795289667643
0.000283032878162498
0.000279319825000548
0.000275655482659308
0.000272039212111017
0.000268470382711193
0.000264948372088655
0.00026147256603699
0.000258042358407439
0.000254657151003189
0.000251316353475056
0.000248019383218531
0.000244765665272181
0.000241554632217378
0.000238385724079351
0.000235258388229527
0.000232172079289159
0.000229126259034219
0.000226120396301536
0.000223153966896162
0.000220226453499963
0.000217337345581399
0.000214486139306496
0.000211672337450977
0.000208895449313555
0.000206154990630358
0.000203450483490476
0.000200781456252619
0.00019814744346287
0.000195547985773506
0.000192982629862903
0.00019045092835647
0.00018795243974864
0.000185486728325869
0.000183053364090656
0.000180651922686551
0.000178281985324155
0.000175943138708086
0.000173634974964903
0.000171357091571976
0.000169109091287294
0.000166890582080182
0.000164701177062943
0.000162540494423383
0.000160408157358227
0.000158303794007409
0.000156227037389224
0.000154177525336327
0.000152154900432577
0.000150158809950703
0.000148188905790798
0.000146244844419608
0.000144326286810625
0.000142432898384963
0.000140564348953012
0.000138720312656854
0.000136900467913441
0.000135104497358505
0.000133332087791223
0.000131582930119589
0.000129856719306516
0.00012815315431664
0.00012647193806382
0.00012481277735933
0.000123175382860731
0.000121559469021411
0.000119964754040786
0.000118390959815163
0.000116837811889233
0.000115305039408216
0.00011379237507062
0.000112299555081632
0.00011082631910711
0.000109372410228186
0.000107937574896459
0.000106521562889782
0.000105124127268622
0.000103745024332998
0.000102384013579982
0.000101040857661756
9.97153223442242e-05
9.84071764661594e-05
9.71161918988948e-05
9.5842143506539e-05
9.45848091067146e-05
9.33439694318112e-05
9.21194080907475e-05
9.09109115312349e-05
8.97182690025354e-05
8.85412725187088e-05
8.73797168223423e-05
8.62333993487545e-05
8.5102120190671e-05
8.39856820633619e-05
8.28838902702372e-05
8.17965526688935e-05
8.0723479637606e-05
7.96644840422605e-05
7.86193812037188e-05
7.75879888656123e-05
7.65701271625581e-05
7.55656185887922e-05
7.45742879672142e-05
7.35959624188379e-05
7.26304713326428e-05
7.16776463358212e-05
7.07373212644153e-05
6.980933213434e-05
6.88935171127854e-05
6.79897164899948e-05
6.70977726514124e-05
6.62175300501973e-05
6.53488351800973e-05
6.44915365486785e-05
6.36454846509071e-05
6.28105319430763e-05
6.19865328170768e-05
6.11733435750036e-05
6.03708224040963e-05
5.95788293520087e-05
5.8797226302402e-05
5.80258769508588e-05
5.72646467811129e-05
5.65134030415905e-05
5.57720147222601e-05
5.50403525317851e-05
5.43182888749768e-05
5.36056978305429e-05
5.29024551291279e-05
5.2208438131642e-05
5.15235258078734e-05
5.08475987153824e-05
5.01805389786711e-05
4.95222302686274e-05
4.8872557782238e-05
4.82314082225683e-05
4.75986697790039e-05
4.69742321077518e-05
4.63579863125982e-05
4.57498249259171e-05
4.51496418899296e-05
4.45573325382081e-05
4.39727935774232e-05
4.33959230693308e-05
4.28266204129949e-05
4.22647863272431e-05
4.17103228333539e-05
4.1163133237969e-05
4.06231221162319e-05
4.00901952951458e-05
3.95642598371516e-05
3.90452240239192e-05
3.85329973403541e-05
3.80274904588113e-05
3.75286152235177e-05
3.7036284635199e-05
3.6550412835907e-05
3.60709150940473e-05
3.5597707789603e-05
3.51307083995517e-05
3.46698354834744e-05
3.42150086693532e-05
3.37661486395549e-05
3.33231771169992e-05
3.28860168515071e-05
3.245459160633e-05
3.20288261448542e-05
3.16086462174804e-05
3.11939785486755e-05
3.07847508241938e-05
3.03808916784659e-05
2.99823306821535e-05
2.95889983298672e-05
2.92008260280452e-05
2.88177460829911e-05
2.84396916890691e-05
2.80665969170534e-05
2.76983967026309e-05
2.73350268350546e-05
2.69764239459456e-05
2.66225254982427e-05
2.62732697752959e-05
2.59285958701042e-05
2.55884436746933e-05
2.52527538696342e-05
2.49214679136974e-05
2.45945280336448e-05
2.42718772141539e-05
2.39534591878752e-05
2.36392184256196e-05
2.33291001266745e-05
2.30230502092474e-05
2.2721015301034e-05
2.2422942729911e-05
2.21287805147506e-05
2.18384773563549e-05
2.15519826285104e-05
2.12692463691592e-05
2.09902192716855e-05
2.07148526763177e-05
2.04430985616421e-05
2.01749095362286e-05
1.99102388303662e-05
1.96490402879063e-05
1.9391268358214e-05
1.91368780882244e-05
1.8885825114603e-05
1.86380656560091e-05
1.8393556505461e-05
1.81522550228011e-05
1.79141191272595e-05
1.76791072901159e-05
1.7447178527457e-05
1.72182923930295e-05
1.69924089711869e-05
1.67694888699279e-05
1.65494932140273e-05
1.63323836382566e-05
1.61181222806931e-05
1.59066717761172e-05
1.56979952494965e-05
1.54920563095548e-05
1.52888190424262e-05
1.50882480053915e-05
1.48903082206978e-05
1.46949651694586e-05
1.45021847856338e-05
1.43119334500891e-05
1.4124177984733e-05
1.3938885646731e-05
1.37560241227955e-05
1.35755615235504e-05
1.33974663779705e-05
1.32217076278924e-05
1.3048254622599e-05
1.28770771134739e-05
1.27081452487263e-05
1.25414295681854e-05
1.23769009981626e-05
1.22145308463812e-05
1.2054290796973e-05
1.18961529055402e-05
1.17400895942821e-05
1.15860736471857e-05
1.14340782052795e-05
1.128407676195e-05
1.11360431583182e-05
1.0989951578679e-05
1.08457765459979e-05
1.07034929174691e-05
1.056307588013e-05
1.04245009465348e-05
1.02877439504834e-05
1.01527810428076e-05
1.00195886872115e-05
9.88814365616771e-06
9.75842302686586e-06
9.63040417721566e-06
9.50406478190152e-06
9.37938280848938e-06
9.25633651358434e-06
9.1349044390389e-06
9.01506540821079e-06
8.89679852226997e-06
8.78008315655411e-06
8.66489895697179e-06
8.55122583645293e-06
8.43904397144585e-06
8.32833379846014e-06
8.21907601065503e-06
8.11125155447241e-06
8.00484162631412e-06
7.8998276692627e-06
7.7961913698453e-06
7.69391465483993e-06
7.59297968812371e-06
7.49336886756235e-06
7.39506482194053e-06
7.29805040793252e-06
7.20230870711257e-06
7.1078230230044e-06
7.01457687816961e-06
6.92255401133406e-06
6.83173837455211e-06
6.742114130408e-06
6.65366564925392e-06
6.56637750648438e-06
6.48023447984628e-06
6.39522154678428e-06
6.31132388182104e-06
6.22852685397175e-06
6.14681602419262e-06
6.0661771428629e-06
5.98659614729981e-06
5.90805915930618e-06
5.8305524827502e-06
5.75406260117693e-06
5.67857617545117e-06
5.60408004143126e-06
5.53056120767333e-06
5.45800685316572e-06
5.38640432509315e-06
5.31574113663012e-06
5.2460049647634e-06
5.17718364814294e-06
5.10926518496108e-06
5.04223773085955e-06
4.97608959686388e-06
4.910809247345e-06
4.8463852980075e-06
4.78280651390431e-06
4.72006180747748e-06
4.65814023662452e-06
4.5970310027903e-06
4.53672344908379e-06
4.47720705841965e-06
4.41847145168414e-06
4.36050638592509e-06
4.30330175256562e-06
4.24684757564128e-06
4.19113401006039e-06
4.13615133988708e-06
4.08188997664696e-06
4.02834045765496e-06
3.97549344436515e-06
3.92333972074214e-06
3.87187019165392e-06
3.82107588128575e-06
3.77094793157486e-06
3.72147760066565e-06
3.67265626138526e-06
3.62447539973899e-06
3.5769266134256e-06
3.530001610372e-06
3.48369220728719e-06
3.43799032823517e-06
3.39288800322656e-06
3.34837736682872e-06
3.30445065679411e-06
3.26110021270658e-06
3.21831847464548e-06
3.17609798186731e-06
3.13443137150459e-06
3.09331137728187e-06
3.05273082824855e-06
3.01268264752835e-06
2.97315985108512e-06
2.93415554650494e-06
2.89566293179412e-06
2.857675294193e-06
2.8201860090053e-06
2.78318853844284e-06
2.74667643048542e-06
2.71064331775562e-06
2.67508291640842e-06
2.63998902503532e-06
2.60535552358291e-06
2.57117637228555e-06
2.53744561061211e-06
2.50415735622652e-06
2.47130580396191e-06
