0
0.00221085629434087
0.0139415937964032
0.0224385414948028
0.0159214651047682
0.0149480283781554
0.0119617224880383
0.0103283286586372
0.0102953308034978
0.00790298630589012
0.00650057746246494
0.00673156244844085
0.00570862893911896
0.00443821151625144
0.00405873618214816
0.00384425012374196
0.00339877907935984
0.00254083484573503
0.00265632733872298
0.00277181983171094
0.001864378815377
0.00183138096023758
0.00174888632238904
0.00216135951163174
0.00183138096023758
0.00181488203266788
0.00173238739481934
0.00118792278501897
0.00150140240884343
0.00156739811912226
0.00138590991585547
0.00112192707474014
0.0012374195677281
0.00112192707474014
0.0012374195677281
0.00110542814717043
0.000857944233624814
0.00105593136446131
0.000824946378485398
0.000874443161194522
0.000791948523345983
0.000709453885497443
0.000725952813067151
0.000626959247648903
0.000560963537370071
0.000692954957927735
0.000989935654182478
0.000824946378485398
0.000593961392509487
0.000659957102788319
0.000626959247648903
0.000461969971951823
0.000527965682230655
0.000577462464939779
0.000494967827091239
0.000527965682230655
0.000494967827091239
0.000758950668206567
0.000593961392509487
0.000676456030358027
0.000478468899521531
0.000263982841115328
0.00024748391354562
0.000131991420557664
0.000412473189242699
0.000148490348127372
0.000214486058406204
0.000115492492987956
0.000263982841115328
0.000412473189242699
0.000329978551394159
0.000181488203266788
0.000148490348127372
9.89935654182478e-05
0.000181488203266788
0.000131991420557664
0.000181488203266788
0.000148490348127372
6.59957102788319e-05
4.94967827091239e-05
0.000148490348127372
8.24946378485398e-05
4.94967827091239e-05
4.94967827091239e-05
8.24946378485398e-05
4.94967827091239e-05
0.000115492492987956
9.89935654182478e-05
8.24946378485398e-05
0.000115492492987956
3.29978551394159e-05
9.89935654182478e-05
3.29978551394159e-05
9.89935654182478e-05
9.89935654182478e-05
4.94967827091239e-05
0.000131991420557664
8.24946378485398e-05
1.6498927569708e-05
3.29978551394159e-05
1.6498927569708e-05
1.6498927569708e-05
3.29978551394159e-05
0
4.94967827091239e-05
3.29978551394159e-05
3.29978551394159e-05
6.59957102788319e-05
0
1.6498927569708e-05
1.6498927569708e-05
1.6498927569708e-05
1.6498927569708e-05
0
1.6498927569708e-05
4.94967827091239e-05
0
1.6498927569708e-05
0
0
0
0
0
1.6498927569708e-05
0
0
0
9.89935654182478e-05
8.24946378485398e-05
4.94967827091239e-05
1.6498927569708e-05
0
0
0
0
0
0
0
0
0
0
0
0
0
0
0
0
0
0
0
0
0
0
0
0
0
0
0
0
0
0
