0.626694238565169
0.624508706058011
0.626084425688155
0.628727528686189
0.634500773781431
0.63598593454152
0.639541529083058
0.646420458490809
0.654091874155568
0.661475575002159
0.674025797428027
0.68104808085529
0.695194107347703
0.708058053219032
0.718586501569585
0.727022007717714
0.739486982809186
0.751950979170678
0.764695997042315
0.76901552564812
0.789341561633806
0.796194707142777
0.807677024556942
0.816418823956114
0.827821446116743
0.833563436751013
0.839350961018745
0.848187295855227
0.854259359739555
0.857264080198919
0.862863456033747
0.867483982901159
0.86669289961525
0.869820262032021
0.869128960421095
0.867147132638134
0.866480296300501
0.867796510603301
0.865956187092954
0.863796181843153
