0.855079368331899
0.853797732876575
0.853398357535898
0.854192580635056
0.853740867225128
0.854663355106477
0.854447885903623
0.854352809832923
0.854884846312394
0.854928431924319
0.854984590292414
0.854372873837877
0.85596930691681
0.855413692606976
0.856280445783549
0.85656773609412
0.858069160285949
0.858013018587938
0.85845948409327
0.860647148290286
0.861161618301207
0.858876526775753
0.859865820342403
0.860680139270121
0.859923769262485
0.860291726499099
0.859733595054342
0.860245744656439
0.860557985384803
0.860714362268411
0.861342455334695
0.860539515263534
0.8621929276776
0.862589224925821
0.863120854997811
0.862119916640895
0.862097935414438
0.863410725067237
0.863220241771817
0.865201357509443
